2 3
2 19
2 37
3 20
3 37
3 38
4 11
4 37
6 11
6 37
7 37
8 37
9 37
10 11
10 37
11 37
12 14
24 28
24 27
24 37
25 37
27 28
27 37
28 27
28 37
29 5
29 14
39 11
39 37
49 46
49 48
50 46
50 48
46 48
55 56
23 28
23 37
23 17
31 35
20 5
20 14
32 2
32 34
41 37
52 28
52 27
52 53
21 27
22 5
22 14
45 46
45 44
48 46
44 46
43 46
43 44
56 55
54 56
36 37
38 37
40 37
16 37
17 11
17 37
18 37
34 29
34 5
34 2
19 37
34 19
33 5
33 14
15 6
42 46
42 48
47 48